     0/199     2.56G    0.1442   0.01302   0.05482     0.212        18       576         0         0         0         0    0.1262   0.01054   0.04844
     1/199     5.08G    0.1205   0.01165   0.04605    0.1782        24       576         0         0  0.006841  0.001415    0.1103    0.0114   0.04425
     2/199     5.08G     0.111   0.01141   0.03867    0.1611        17       576   0.00693     0.147  0.006062  0.001204    0.1115   0.01241   0.04639
     3/199     5.08G    0.1095   0.01048   0.03239    0.1523        28       576   0.01045   0.05542   0.01058  0.001912    0.1087  0.009606   0.03068
     4/199     5.08G    0.1079   0.01057   0.02817    0.1467        24       576   0.05686   0.06528   0.02646  0.004826    0.1017  0.009843    0.0311
     5/199     5.08G      0.11  0.009881   0.02606     0.146        21       576  0.008068    0.1076  0.008394  0.001611    0.1224    0.1171   0.06542
     6/199     5.08G    0.1084   0.01007    0.0258    0.1442        16       576  0.002102  0.003015  0.007721  0.001509    0.1112   0.01285   0.05182
     7/199     5.08G    0.1066  0.009828   0.02486    0.1413        21       576    0.0119    0.1168   0.01674  0.003742    0.1119   0.01601   0.05672
     8/199     5.08G     0.104   0.01018   0.02383     0.138        21       576   0.05166    0.2509   0.03339  0.006569    0.1033   0.01179   0.03117
     9/199     5.08G    0.1026   0.01016   0.02288    0.1357        17       576    0.1699   0.06547   0.03053  0.007069    0.1067   0.01543   0.04054
    10/199     5.08G     0.101   0.01016   0.02286     0.134        25       576   0.01519  0.005749   0.00783  0.001235    0.1236   0.01092   0.07225
    11/199     5.08G   0.09917    0.0102   0.02235    0.1317        26       576    0.1651    0.1104   0.05174   0.01156   0.09881     0.011   0.02036
    12/199     5.08G   0.09737   0.01018   0.02173    0.1293        22       576    0.1571    0.1573   0.06692   0.01702   0.09355   0.01059   0.02982
    13/199     5.08G   0.09631  0.009988   0.02094    0.1272        25       576    0.1316    0.2049   0.07109   0.01699   0.09651  0.009902   0.01879
    14/199     5.08G   0.09496   0.01039   0.01932    0.1247        19       576   0.09476    0.2882   0.07263   0.01888   0.09381   0.01085   0.01975
    15/199     5.08G   0.09442   0.01027   0.01905    0.1237        21       576    0.1231    0.2701   0.09422    0.0254   0.09082  0.009378   0.01905
    16/199     5.08G   0.09293   0.01035   0.01811    0.1214        23       576    0.1604     0.238    0.1025     0.028   0.09053    0.0094   0.02729
    17/199     5.08G   0.09305   0.01024   0.01834    0.1216        19       576    0.1321    0.2973   0.09865   0.02514   0.08943  0.009418   0.01965
    18/199     5.08G   0.09253    0.0103   0.01885    0.1217        18       576    0.1803    0.2023    0.1015   0.02665   0.08895  0.009225   0.02532
    19/199     5.08G   0.09261   0.01025   0.01829    0.1211        24       576    0.1173    0.3418    0.1166   0.03233   0.08881  0.009331   0.01763
    20/199     5.08G   0.09164   0.01026   0.01724    0.1191        19       576   0.06025    0.1534   0.05463   0.01411   0.09166  0.009958   0.05393
    21/199     5.08G   0.09057   0.01049   0.01779    0.1188        24       576    0.1781     0.173   0.07517   0.02053   0.08854  0.009204   0.06633
    22/199     5.08G   0.09051   0.01044   0.01743    0.1184        20       576    0.1854     0.198     0.075   0.02242   0.08758  0.009373    0.0637
    23/199     5.08G   0.08893   0.01034   0.01751    0.1168        25       576    0.1233     0.331    0.1122   0.03375   0.08712  0.009347   0.03296
    24/199     5.08G   0.08915   0.01048   0.01734     0.117        26       576    0.1351    0.2235   0.08479   0.02436   0.08743  0.009272   0.07288
    25/199     5.08G   0.09004    0.0103   0.01637    0.1167        17       576    0.1288    0.2578   0.07834   0.02308   0.08637  0.009515   0.05799
    26/199     5.08G   0.08931    0.0104   0.01698    0.1167        18       576    0.1377    0.1984   0.06572   0.01825   0.09207    0.0105   0.06353
    27/199     5.08G    0.0893   0.01034    0.0152    0.1148        19       576    0.1434    0.3324    0.1278   0.03937   0.08518  0.009334   0.01586
    28/199     5.08G   0.08786   0.01022   0.01589     0.114        30       576    0.1342    0.1826   0.06796   0.01981   0.08697  0.009232    0.0854
    29/199     5.08G   0.08829   0.01058   0.01549    0.1144        22       576   0.06359    0.1418   0.05082   0.01443   0.09023  0.009904   0.08206
    30/199     5.08G   0.08693   0.01042   0.01589    0.1132        22       576    0.1118    0.2479   0.08186   0.02332   0.08726  0.009785   0.06035
    31/199     5.08G   0.08835   0.01017   0.01596    0.1145        23       576    0.1225    0.3768    0.1212   0.03741   0.08503   0.00936   0.02516
    32/199     5.08G   0.08739   0.01064   0.01637    0.1144        23       576    0.1639    0.3231    0.1257   0.03947   0.08481  0.009365   0.03028
    33/199     5.08G   0.08616   0.01038   0.01577    0.1123        24       576    0.1381    0.3178   0.09575   0.02915   0.08576    0.0095   0.04221
    34/199     5.08G   0.08755   0.01036   0.01557    0.1135        23       576    0.1769    0.1384    0.0753   0.02029    0.1058  0.009867   0.02424
    35/199     5.08G   0.08686   0.01039   0.01557    0.1128        24       576    0.2568    0.3132    0.1098   0.03453   0.08437  0.009642   0.06315
    36/199     5.08G   0.08684   0.01024   0.01469    0.1118        24       576    0.1614    0.2983    0.1249   0.04146   0.08363  0.009361   0.03254
    37/199     5.08G   0.08633   0.01039   0.01502    0.1117        31       576   0.07382    0.2567   0.09415   0.02992   0.08549  0.009515   0.06466
    38/199     5.08G   0.08621   0.01034   0.01486    0.1114        19       576    0.1863    0.2683    0.1134   0.03639   0.08555  0.009395   0.03516
    39/199     5.08G    0.0869   0.01027   0.01516    0.1123        23       576    0.3009    0.3179    0.1124   0.03696   0.08395  0.009531   0.03437
    40/199     5.08G   0.08584   0.01059   0.01515    0.1116        21       576    0.1575    0.3179    0.1315    0.0432   0.08315  0.009356   0.02351
    41/199     5.08G   0.08558   0.01069   0.01398    0.1102        23       576    0.1399    0.3607     0.134   0.04087    0.0846  0.009399   0.02805
    42/199     5.08G   0.08483   0.01052   0.01393    0.1093        22       576   0.09605    0.2804     0.106   0.03458   0.08486  0.009551    0.0537
    43/199     5.08G   0.08646   0.01044   0.01526    0.1122        23       576    0.1783    0.3222    0.1137   0.03583   0.08306  0.009406   0.03495
    44/199     5.08G   0.08475   0.01062   0.01476    0.1101        22       576    0.1578    0.3577    0.1283   0.04087   0.08274  0.009494   0.02773
    45/199     5.08G   0.08488   0.01057   0.01502    0.1105        21       576   0.09495    0.2988    0.1067   0.03601   0.08291   0.00952   0.06119
    46/199     5.08G   0.08492    0.0104   0.01421    0.1095        23       576    0.1479    0.3932    0.1431   0.04669   0.08243  0.009385   0.02335
    47/199     5.08G   0.08514   0.01046   0.01356    0.1092        24       576    0.1501    0.3856    0.1464   0.04819   0.08205  0.009377   0.02002
    48/199     5.08G   0.08432   0.01056   0.01385    0.1087        18       576    0.1621    0.3732    0.1411   0.04622   0.08247  0.009432    0.0255
    49/199     5.08G   0.08376   0.01046   0.01464    0.1089        24       576    0.1443    0.3513    0.1226   0.03957   0.08256  0.009607   0.03242
    50/199     5.08G   0.08541    0.0103   0.01446    0.1102        24       576    0.1612    0.3057     0.116   0.03827   0.08263  0.009402   0.04434
    51/199     5.08G   0.08467   0.01039   0.01336    0.1084        20       576      0.16    0.3639    0.1464   0.04733   0.08231  0.009468   0.01975
    52/199     5.08G   0.08439   0.01079   0.01451    0.1097        26       576    0.1161     0.297    0.1062   0.03433   0.08657  0.009348   0.05323
    53/199     5.08G   0.08437   0.01054   0.01427    0.1092        26       576    0.1541     0.351    0.1272   0.04114   0.08287  0.009468   0.03887
    54/199     5.08G   0.08466   0.01069   0.01451    0.1099        28       576    0.1164    0.2196   0.09012   0.02771   0.09206  0.009323    0.0397
    55/199     5.08G   0.08476   0.01055    0.0134    0.1087        19       576    0.1339    0.4067     0.153   0.04971   0.08214  0.009423   0.01518
    56/199     5.08G   0.08437   0.01052   0.01439    0.1093        26       576     0.163    0.3853     0.155   0.04995   0.08174  0.009408   0.01522
    57/199     5.08G   0.08396   0.01041   0.01398    0.1084        24       576    0.1539    0.4002    0.1644    0.0545   0.08148  0.009445   0.01344
    58/199     5.08G   0.08482    0.0103    0.0142    0.1093        23       576    0.1763    0.3568    0.1472   0.04787   0.08159  0.009641   0.02055
    59/199     5.08G    0.0839   0.01049   0.01392    0.1083        29       576    0.1759    0.3596    0.1564    0.0503   0.08112  0.009434   0.01766
    60/199     5.08G   0.08366   0.01051   0.01437    0.1085        19       576    0.1705    0.3907    0.1579    0.0518   0.08105  0.009458   0.01533
    61/199     5.08G   0.08412    0.0107   0.01435    0.1092        20       576    0.1638    0.3452    0.1449   0.04834   0.08165  0.009354   0.02314
    62/199     5.08G   0.08411   0.01025   0.01438    0.1087        20       576    0.1471    0.3164    0.1277   0.04429   0.08157   0.00945   0.03868
    63/199     5.08G   0.08407   0.01059   0.01454    0.1092        21       576     0.157    0.3971    0.1628   0.05521   0.08096  0.009425   0.01327
    64/199     5.08G   0.08392   0.01029   0.01381     0.108        22       576    0.1614    0.4009    0.1702   0.05696   0.08096  0.009442   0.01319
    65/199     5.08G   0.08395    0.0104    0.0133    0.1077        19       576    0.1811    0.3428    0.1495   0.05048   0.08106  0.009468   0.02274
    66/199     5.08G   0.08387   0.01044   0.01397    0.1083        23       576    0.1846     0.383     0.166   0.05497   0.08111  0.009454   0.01421
    67/199     5.08G   0.08354   0.01024   0.01399    0.1078        18       576    0.1643    0.3903    0.1606   0.05309   0.08087  0.009426   0.01393
    68/199     5.08G   0.08325   0.01052   0.01329    0.1071        19       576    0.1805    0.2883    0.1256   0.04237   0.08195  0.009509   0.03205
    69/199     5.08G   0.08346   0.01059   0.01332    0.1074        16       576    0.1609    0.3881    0.1512   0.05063   0.08127  0.009465   0.01492
    70/199     5.08G     0.084   0.01051   0.01376    0.1083        20       576    0.1687    0.3887    0.1639    0.0553   0.08072  0.009426   0.01266
    71/199     5.08G   0.08283   0.01036    0.0131    0.1063        13       576    0.1621    0.3941    0.1563   0.05413   0.08087  0.009423   0.01385
    72/199     5.08G   0.08274   0.01071   0.01259     0.106        24       576    0.1587    0.3876    0.1615    0.0557    0.0805  0.009433   0.01456
    73/199     5.08G   0.08359   0.01047   0.01396     0.108        23       576    0.1661    0.3891    0.1588   0.05383   0.08069  0.009438   0.01282
    74/199     5.08G    0.0835   0.01056   0.01362    0.1077        23       576    0.1555    0.4081    0.1631   0.05502   0.08053   0.00944   0.01198
    75/199     5.08G   0.08288   0.01056   0.01321    0.1066        23       576    0.1659    0.3565    0.1518   0.05012    0.0824  0.009408   0.01274
    76/199     5.08G   0.08196   0.01074   0.01228     0.105        23       576    0.1572    0.4034    0.1613   0.05481   0.08041  0.009453   0.01159
    77/199     5.08G   0.08307   0.01055   0.01292    0.1065        28       576    0.1592    0.4099    0.1668   0.05702    0.0805   0.00945   0.01209
    78/199     5.08G   0.08159   0.01057   0.01216    0.1043        13       576    0.1513    0.4062    0.1643   0.05505   0.08074  0.009439   0.01161
    79/199     5.08G    0.0829   0.01028    0.0122    0.1054        21       576    0.1555    0.4036    0.1638   0.05671   0.08051  0.009441   0.01132
    80/199     5.08G    0.0832    0.0105   0.01246    0.1062        17       576    0.1764    0.3845    0.1681   0.05553   0.08026  0.009452   0.01253
    81/199     5.08G   0.08332    0.0105   0.01172    0.1055        26       576    0.1481    0.4194    0.1653   0.05452   0.08047   0.00948   0.01112
    82/199     5.08G   0.08207   0.01052   0.01258    0.1052        21       576      0.17    0.3737    0.1614   0.05485   0.08006  0.009491   0.01097
    83/199     5.08G   0.08263   0.01053   0.01154    0.1047        24       576    0.1646    0.3987     0.168   0.05839   0.07994  0.009473   0.01214
    84/199     5.08G   0.08287   0.01021   0.01189     0.105        16       576    0.1765    0.3924    0.1659    0.0563   0.08046  0.009466   0.01145
    85/199     5.08G   0.08222   0.01048   0.01209    0.1048        27       576    0.1671    0.4056    0.1615   0.05391   0.08055  0.009473   0.01147
    86/199     5.08G   0.08157   0.01073   0.01174     0.104        21       576    0.1658    0.3345    0.1517   0.05142   0.08142  0.009483   0.01696
    87/199     5.08G   0.08302   0.01065   0.01191    0.1056        17       576    0.1693    0.3835    0.1663   0.05555   0.07998  0.009464   0.01188
    88/199     5.08G    0.0825   0.01039    0.0121     0.105        19       576    0.1685    0.3838    0.1646   0.05674   0.08007   0.00947   0.01149
    89/199     5.08G    0.0821   0.01047   0.01209    0.1047        22       576    0.1671    0.3975    0.1658   0.05795   0.07988  0.009476   0.01145
    90/199     5.08G   0.08165   0.01039   0.01163    0.1037        21       576    0.1544    0.4098    0.1654   0.05791   0.08006  0.009485  0.009977
    91/199     5.08G   0.08257   0.01059   0.01144    0.1046        25       576    0.1557    0.4112    0.1633   0.05605   0.07969  0.009499   0.01064
    92/199     5.08G   0.08137    0.0108    0.0113    0.1035        26       576    0.1713    0.3695     0.159    0.0535   0.08099  0.009443   0.01487
    93/199     5.08G   0.08291   0.01058   0.01153     0.105        26       576    0.1807    0.3864    0.1688   0.05782   0.07993  0.009488   0.00993
    94/199     5.08G   0.08227   0.01074   0.01147    0.1045        19       576    0.1678    0.4134    0.1708   0.05914   0.07985  0.009475  0.008646
    95/199     5.08G   0.08164    0.0106   0.01204    0.1043        33       576    0.1716    0.4006    0.1682   0.05741   0.08002  0.009497   0.01099
    96/199     5.08G   0.08278    0.0105   0.01197    0.1052        23       576    0.1706    0.3863    0.1644   0.05618   0.08005  0.009487   0.01034
    97/199     5.08G   0.08191   0.01047   0.01174    0.1041        17       576    0.1756     0.395    0.1677   0.05759   0.07973  0.009507  0.008643
    98/199     5.08G   0.08117   0.01054   0.01069    0.1024        22       576    0.1862    0.3884    0.1679   0.05776   0.07966  0.009503  0.009052
    99/199     5.08G     0.083   0.01079    0.0121    0.1059        18       576    0.1673     0.398    0.1675    0.0554   0.07987  0.009503   0.01044
   100/199     5.08G   0.08246   0.01049    0.0108    0.1037        31       576     0.172    0.3804    0.1639   0.05607   0.08001  0.009476   0.01113
   101/199     5.08G   0.08135   0.01072   0.01226    0.1043        29       576    0.1754    0.3979    0.1729   0.05996   0.07942  0.009527  0.009392
   102/199     5.08G   0.08156   0.01049   0.01065    0.1027        20       576    0.1845    0.3767    0.1669   0.05909   0.07963  0.009495   0.01104
   103/199     5.08G   0.08095   0.01052    0.0104    0.1019        25       576    0.1776    0.4028    0.1739   0.05999   0.07933  0.009511  0.008524
   104/199     5.08G   0.08177   0.01046   0.01063    0.1029        18       576    0.1796    0.3891    0.1695   0.05907    0.0798  0.009496  0.009358
   105/199     5.08G   0.08093   0.01045   0.01043    0.1018        19       576    0.1671     0.414    0.1741   0.06028   0.07909  0.009531  0.008689
   106/199     5.08G   0.08171   0.01067  0.009483    0.1019        25       576     0.173     0.422    0.1809   0.06188   0.07901  0.009541  0.007449
   107/199     5.08G   0.08194   0.01058   0.01093    0.1034        23       576    0.1772    0.4053    0.1793   0.06241   0.07929  0.009529  0.008076
   108/199     5.08G   0.08126   0.01041     0.011    0.1027        16       576    0.1716    0.3978    0.1719    0.0601   0.07903  0.009536  0.008879
   109/199     5.08G   0.08133   0.01068  0.009953     0.102        19       576    0.1603    0.4186    0.1705   0.05987   0.07915  0.009546  0.007938
   110/199     5.08G   0.08161   0.01058  0.009717    0.1019        21       576    0.1879    0.3931    0.1771   0.05924   0.07931  0.009536  0.009199
   111/199     5.08G   0.08111   0.01072  0.009783    0.1016        21       576    0.1678    0.4284    0.1771   0.06091   0.07884  0.009567  0.008044
   112/199     5.08G   0.08056   0.01055  0.008973    0.1001        18       576    0.1629    0.4231    0.1766   0.06205   0.07932  0.009554  0.007443
   113/199     5.08G   0.08153   0.01052  0.009541    0.1016        25       576    0.1807      0.42     0.183   0.06485   0.07889   0.00955  0.006698
   114/199     5.08G   0.08083   0.01051   0.01044    0.1018        18       576    0.1828    0.4119    0.1849   0.06353   0.07901  0.009554   0.00708
   115/199     5.08G   0.08028   0.01064  0.009779    0.1007        25       576    0.1771     0.426     0.186   0.06578   0.07909  0.009541  0.006312
   116/199     5.08G   0.08099   0.01054  0.007726   0.09925        15       576    0.1702    0.4178    0.1796   0.06199   0.07899  0.009546  0.006405
   117/199     5.08G    0.0814   0.01075  0.008519    0.1007        22       576    0.1779    0.4134    0.1907   0.06699   0.07886  0.009546  0.005467
   118/199     5.08G   0.08071   0.01065  0.009042    0.1004        25       576    0.1676    0.4246     0.187   0.06652   0.07889  0.009528  0.006345
   119/199     5.08G   0.08089   0.01085  0.009117    0.1009        21       576    0.1757    0.4241    0.1869   0.06629   0.07855  0.009571  0.005528
   120/199     5.08G    0.0805   0.01044  0.008857    0.0998        20       576     0.175    0.4295    0.1844   0.06643   0.07861  0.009562  0.006062
   121/199     5.08G   0.08094   0.01041  0.008983    0.1003        22       576    0.1824    0.4304    0.1879   0.06722   0.07869  0.009565  0.005598
   122/199     5.08G   0.08135    0.0106  0.008672    0.1006        16       576    0.1725    0.4411    0.1876   0.06641   0.07866  0.009551  0.005399
   123/199     5.08G   0.08081   0.01073  0.008536    0.1001        22       576    0.1792    0.4235    0.1828    0.0642   0.07855  0.009547  0.005889
   124/199     5.08G   0.08109    0.0105  0.008114   0.09971        20       576    0.1783    0.4325    0.1891     0.068   0.07849   0.00956  0.004603
   125/199     5.08G   0.08036   0.01068  0.008334   0.09937        15       576    0.1707    0.4289    0.1882   0.06683   0.07843   0.00955  0.005815
   126/199     5.08G   0.08081   0.01042  0.007453   0.09868        16       576    0.1773    0.4264      0.19   0.06619    0.0785  0.009556  0.005066
   127/199     5.08G   0.08039   0.01077  0.008473   0.09963        23       576    0.1785    0.4263     0.188   0.06712   0.07832  0.009569  0.005087
   128/199     5.08G   0.08083   0.01084  0.008401    0.1001        26       576    0.1804    0.4298    0.1947   0.07085   0.07821  0.009588  0.004449
   129/199     5.08G   0.08018   0.01055  0.006982   0.09771        17       576    0.1706    0.4379    0.1917   0.06926   0.07835  0.009588  0.004203
   130/199     5.08G   0.08068   0.01049  0.007701   0.09886        18       576    0.1706    0.4346    0.1919   0.06902   0.07833  0.009577  0.004415
   131/199     5.08G   0.08216   0.01085  0.007844    0.1009        28       576    0.1747    0.4422    0.1912    0.0705   0.07836  0.009571  0.004374
   132/199     5.08G   0.08102   0.01066  0.007799   0.09948        17       576    0.1692    0.4502    0.1949   0.06949   0.07834  0.009553  0.003478
   133/199     5.08G   0.08087   0.01054  0.007968   0.09938        19       576    0.1707    0.4551    0.1969   0.06865    0.0782  0.009582  0.003597
   134/199     5.08G   0.08093   0.01045  0.006975   0.09835        16       576    0.1756     0.439    0.1943   0.06819   0.07824   0.00959  0.004066
   135/199     5.08G    0.0791   0.01079  0.007121   0.09701        29       576    0.1679    0.4395    0.1913   0.06668    0.0782  0.009568  0.005025
   136/199     5.08G   0.08061    0.0107  0.007778   0.09909        19       576    0.1727    0.4145    0.1829    0.0654   0.07832  0.009578  0.007255
   137/199     5.08G   0.07909   0.01057  0.007126   0.09678        16       576    0.1757    0.4303    0.1951   0.06936   0.07811  0.009584  0.004145
   138/199     5.08G   0.07992   0.01063  0.007097   0.09764        17       576    0.1709     0.445    0.1972   0.06964   0.07826  0.009563  0.002795
   139/199     5.08G   0.08059   0.01055  0.007194   0.09833        23       576    0.1803    0.4357    0.1971   0.06933   0.07814  0.009581  0.003248
   140/199     5.08G   0.07939   0.01061  0.006655   0.09666        24       576    0.1744    0.4409    0.1988    0.0705   0.07809  0.009587  0.003285
   141/199     5.08G     0.081   0.01067  0.006662   0.09833        24       576    0.1783    0.4356    0.1979   0.07103   0.07798  0.009597  0.003487
   142/199     5.08G   0.08044   0.01079  0.006777   0.09801        21       576    0.1774    0.4444    0.2047   0.07247   0.07802  0.009597  0.002832
   143/199     5.08G   0.07991   0.01064  0.006798   0.09734        23       576    0.1749    0.4439     0.194   0.07007   0.07789  0.009591  0.003333
   144/199     5.08G    0.0797   0.01081  0.005644   0.09616        14       576    0.1771    0.4485    0.1987    0.0713    0.0778  0.009604   0.00312
   145/199     5.08G   0.07951   0.01061  0.006551   0.09668        18       576    0.1755    0.4403    0.1972    0.0711   0.07789  0.009594  0.002689
   146/199     5.08G   0.08001   0.01055  0.007094   0.09765        14       576    0.1665    0.4498    0.1974    0.0704   0.07786  0.009598  0.002621
   147/199     5.08G   0.08004   0.01063  0.006818   0.09749        20       576      0.17    0.4475    0.1951   0.07055   0.07783  0.009602  0.003579
   148/199     5.08G   0.07953   0.01078   0.00649   0.09679        18       576    0.1791    0.4447     0.195   0.07104   0.07773  0.009609  0.002372
   149/199     5.08G   0.08029   0.01048  0.006675   0.09744        17       576    0.1752    0.4462    0.1948   0.07138   0.07778  0.009603  0.002511
   150/199     5.08G   0.08006   0.01073  0.005774   0.09656        21       576    0.1751    0.4449    0.1987   0.07008   0.07787  0.009596  0.002689
   151/199     5.08G   0.07914   0.01056  0.006442   0.09614        17       576    0.1783    0.4454    0.2004   0.07164   0.07769  0.009612  0.002475
   152/199     5.08G   0.07966   0.01075  0.006021   0.09643        18       576     0.178    0.4455    0.1976   0.07035   0.07768   0.00961  0.002572
   153/199     5.08G   0.07934   0.01101   0.00638   0.09674        21       576     0.171     0.452    0.2028    0.0728    0.0776  0.009609  0.002159
   154/199     5.08G    0.0783   0.01048  0.005883   0.09467        25       576    0.1714    0.4547    0.2044   0.07345   0.07761  0.009603  0.002133
   155/199     5.08G   0.07904   0.01078  0.006079   0.09589        20       576    0.1735    0.4549    0.2005   0.07238   0.07771  0.009599  0.002154
   156/199     5.08G   0.07899    0.0109  0.005672   0.09557        24       576    0.1761    0.4515       0.2   0.07148   0.07767  0.009592  0.002204
   157/199     5.08G   0.07813   0.01083  0.005194   0.09415        25       576     0.177    0.4488    0.2026   0.07322   0.07762  0.009586  0.002234
   158/199     5.08G   0.07914   0.01076  0.005435   0.09534        15       576    0.1723    0.4513    0.2024   0.07321   0.07756  0.009595   0.00202
   159/199     5.08G   0.07981   0.01067  0.005951   0.09643        26       576    0.1717    0.4528    0.2038   0.07404    0.0776  0.009595  0.002044
   160/199     5.08G   0.07925   0.01078  0.005494   0.09552        26       576    0.1714    0.4472    0.2028   0.07363   0.07751  0.009605  0.001857
   161/199     5.08G   0.07927   0.01065  0.006044   0.09596        20       576    0.1745    0.4517    0.2053   0.07426   0.07753  0.009602  0.001766
   162/199     5.08G      0.08   0.01084  0.005271   0.09611        25       576    0.1737    0.4521    0.2041   0.07426   0.07756   0.00961  0.001868
   163/199     5.08G   0.07888   0.01057  0.005833   0.09527        24       576     0.173    0.4463    0.2039   0.07296    0.0776  0.009609  0.002063
   164/199     5.08G   0.08036    0.0105  0.005227   0.09609        18       576    0.1727    0.4466    0.2007   0.07352   0.07756  0.009612  0.002151
   165/199     5.08G   0.07975   0.01069  0.005525   0.09597        23       576    0.1706    0.4528    0.2016    0.0726   0.07759    0.0096  0.002247
   166/199     5.08G   0.07986   0.01066  0.005228   0.09574        18       576    0.1744    0.4528    0.2028   0.07261   0.07751  0.009598  0.001822
   167/199     5.08G   0.07962   0.01054  0.005031   0.09519        19       576    0.1736    0.4524    0.2022   0.07294   0.07743  0.009602  0.001619
   168/199     5.08G    0.0784   0.01077   0.00577   0.09495        21       576    0.1715     0.455    0.2041   0.07315    0.0774  0.009604   0.00179
   169/199     5.08G   0.07871   0.01095  0.005134   0.09479        21       576    0.1728    0.4524    0.2013   0.07375   0.07743  0.009602   0.00179
   170/199     5.08G   0.07967   0.01062  0.004577   0.09486        16       576    0.1726    0.4485    0.2049   0.07356   0.07741  0.009604  0.001811
   171/199     5.08G   0.07889   0.01067  0.004731   0.09428        13       576    0.1765    0.4415    0.2023   0.07225   0.07734  0.009616  0.001976
   172/199     5.08G   0.07995   0.01062  0.004598   0.09517        23       576    0.1764    0.4468    0.2082    0.0744   0.07727  0.009616  0.001425
   173/199     5.08G   0.07915   0.01044  0.004734   0.09432        22       576    0.1757    0.4493    0.2031    0.0727   0.07731  0.009613  0.001372
   174/199     5.08G   0.07801   0.01088  0.005208    0.0941        22       576    0.1724    0.4474    0.2018   0.07402   0.07729  0.009611  0.001489
   175/199     5.08G   0.07979   0.01057  0.004633     0.095        16       576    0.1764    0.4481    0.2009   0.07384   0.07725  0.009604  0.001447
   176/199     5.08G   0.07871   0.01067  0.004871   0.09425        27       576    0.1718    0.4519    0.2029   0.07398   0.07724  0.009608  0.001656
   177/199     5.08G   0.07868    0.0109  0.004747   0.09433        26       576    0.1711    0.4549    0.2035   0.07432   0.07722  0.009615  0.001526
   178/199     5.08G   0.07853   0.01083  0.004289   0.09364        23       576    0.1751    0.4488    0.2029   0.07368    0.0772  0.009613  0.001646
   179/199     5.08G   0.07843   0.01065  0.004272   0.09335        16       576    0.1759    0.4511    0.2059    0.0742   0.07719  0.009612  0.001478
   180/199     5.08G   0.07922   0.01051  0.004092   0.09382        27       576    0.1737    0.4497    0.2034   0.07419   0.07717  0.009619   0.00137
   181/199     5.08G   0.07856   0.01068  0.004319   0.09356        21       576     0.172     0.449    0.2041   0.07385   0.07718  0.009619  0.001524
   182/199     5.08G   0.07876    0.0109  0.004485   0.09415        22       576    0.1725     0.449    0.2039   0.07424   0.07713   0.00962  0.001403
   183/199     5.08G    0.0791   0.01049  0.004565   0.09415        19       576    0.1741      0.45    0.2038   0.07459   0.07712  0.009617  0.001312
   184/199     5.08G   0.07894   0.01072  0.004237    0.0939        24       576    0.1739     0.451    0.2067   0.07446    0.0771  0.009619  0.001139
   185/199     5.08G   0.07865   0.01069  0.004022   0.09337        25       576    0.1732     0.448    0.2066   0.07522   0.07712  0.009615   0.00113
   186/199     5.08G   0.07894   0.01085  0.004057   0.09385        19       576     0.175    0.4501    0.2066   0.07472   0.07713  0.009611  0.001053
   187/199     5.08G   0.07935   0.01072  0.004026    0.0941        27       576     0.176     0.451    0.2043    0.0745   0.07714  0.009612  0.001126
   188/199     5.08G   0.07779   0.01085  0.005003   0.09364        25       576    0.1738    0.4547    0.2058   0.07473   0.07713  0.009614  0.001098
   189/199     5.08G   0.07767    0.0109  0.004135   0.09271        15       576    0.1718    0.4553    0.2067   0.07517   0.07707  0.009614  0.001093
   190/199     5.08G    0.0791   0.01095  0.004442   0.09449        29       576    0.1706    0.4606    0.2079   0.07577   0.07706  0.009618   0.00104
   191/199     5.08G   0.07757   0.01082  0.004073   0.09247        24       576    0.1698    0.4606     0.207   0.07585   0.07702  0.009622  0.001028
   192/199     5.08G   0.07902    0.0108  0.003598   0.09342        23       576    0.1712    0.4603    0.2079   0.07582   0.07703  0.009624 0.0009769
   193/199     5.08G     0.078   0.01078  0.003412    0.0922        15       576    0.1702      0.46     0.211   0.07654   0.07701  0.009621 0.0009286
   194/199     5.08G   0.07904   0.01072   0.00432   0.09408        24       576    0.1686    0.4563    0.2088   0.07558   0.07699  0.009625  0.001032
   195/199     5.08G   0.07896   0.01087  0.003534   0.09337        24       576    0.1679     0.456    0.2065    0.0757   0.07697   0.00963  0.001045
   196/199     5.08G   0.07841   0.01084  0.004356    0.0936        27       576    0.1709    0.4585     0.209   0.07613   0.07694  0.009626  0.001052
   197/199     5.08G   0.07817   0.01068  0.003716   0.09256        27       576    0.1698    0.4625    0.2093    0.0756   0.07692   0.00963  0.001013
   198/199     5.08G   0.07917   0.01053  0.003438   0.09314        23       576    0.1685    0.4583    0.2067   0.07556   0.07692  0.009626  0.001097
   199/199     5.08G   0.07773   0.01089  0.004533   0.09315        22       576    0.1707    0.4556    0.2084   0.07656   0.07693  0.009624  0.001041
